0.0
12.727922061357855
10.954451150103322
13.711309200802088
11.401754250991379
11.489125293076057
13.19090595827292
9.5916630466254382
12.24744871391589
11.401754250991379
9.6953597148326587
12.0
11.313708498984761
10.099504938362077
9.7979589711327115
11.045361017187261
6.324555320336759
11.489125293076057
11.916375287812984
10.392304845413264
10.295630140987001
11.916375287812984
13.19090595827292
11.224972160321824
12.083045973594572
10.677078252031311
11.832159566199232
11.045361017187261
7.745966692414834
12.569805089976535
10.862780491200215
10.099504938362077
12.489995996796797
10.099504938362077
12.0
13.564659966250536
6.6332495807107996
9.5916630466254382
11.313708498984761
11.401754250991379
9.1651513899116797
10.862780491200215
11.832159566199232
8.6023252670426267
11.661903789690601
11.832159566199232
10.295630140987001
11.916375287812984
6.7823299831252681
11.489125293076057
11.489125293076057
13.341664064126334
10.392304845413264
9.3808315196468595
10.583005244258363
11.916375287812984
12.806248474865697
8.4852813742385695
11.74734012447073
9.7979589711327115
11.661903789690601
11.401754250991379
11.575836902790225
5.8309518948453007
12.884098726725126
11.489125293076057
11.575836902790225
10.0
7.4833147735478827
11.489125293076057
14.0
6.9282032302755088
9.5916630466254382
8.717797887081348
12.489995996796797
7.4833147735478827
7.745966692414834
8.717797887081348
13.416407864998739
8.0
12.649110640673518
9.1651513899116797
5.4772255750516612
11.74734012447073
14.628738838327793
10.392304845413264
10.677078252031311
12.24744871391589
9.4868329805051381
8.6023252670426267
8.9442719099991592
8.717797887081348
8.8317608663278477
10.488088481701515
7.0710678118654755
12.649110640673518
11.135528725660043
12.569805089976535
13.928388277184119
9.4868329805051381
10.954451150103322
